Year,Enrolled/used,Enrolled/not used,Not enrolled
2010,64.0,24.1,11.9
2011,65.1,24.2,10.7
2012,66.0,24.3,9.6
2013,67.2,24.1,8.7
2014,68.4,23.9,7.7
2015,69.4,23.7,7.0
2016,69.7,23.8,6.5
2017,69.6,24.2,6.2
2018,69.9,24.4,5.7
2019,70.6,23.8,5.6
2020,69.9,24.4,5.7
2021,70.9,22.2,6.9
